From	To
2	7
2	47
2	175
2	319
1	7
1	28
1	72
1	78
1	167
1	226
1	249
3	114
3	171
3	190
3	191
3	258
3	262
3	311
3	316
3	329
4	17
4	42
4	44
4	53
4	68
4	69
4	78
4	115
4	118
4	133
4	186
4	281
4	305
4	328
4	345
351	4
351	7
351	71
351	74
351	145
351	159
351	171
351	226
351	311
5	25
5	143
5	161
5	171
5	181
5	200
5	287
6	38
6	47
6	186
7	44
7	118
7	226
7	228
7	309
7	310
8	77
8	136
8	189
8	223
8	273
9	10
9	11
9	45
9	50
9	54
9	124
9	230
9	231
9	232
9	233
9	234
9	335
10	11
10	45
10	50
10	54
10	124
10	230
10	231
10	232
10	233
10	234
10	335
11	286
11	287
11	321
12	258
12	264
12	334
15	17
15	78
15	196
15	197
16	15
16	17
16	78
16	196
16	197
17	69
17	118
18	139
18	140
18	254
19	111
19	188
19	189
19	209
19	249
19	334
19	335
19	336
20	68
20	69
20	71
20	115
20	118
20	129
20	188
20	204
20	238
20	239
20	240
20	249
20	260
20	287
20	305
20	323
21	111
21	146
21	188
21	249
22	146
22	226
22	227
23	217
24	25
24	40
24	129
24	226
24	227
25	88
25	118
25	143
26	44
26	45
26	50
26	189
29	136
29	186
29	273
29	288
29	289
29	290
29	291
29	292
30	149
31	48
31	206
32	78
32	115
32	141
34	15
34	33
34	78
34	80
34	109
34	135
34	257
34	284
34	285
34	336
36	287
36	309
36	310
37	56
37	105
37	118
37	139
37	140
37	191
37	262
38	39
38	42
38	43
38	49
38	68
38	71
38	78
38	98
38	114
38	118
38	196
38	197
38	213
38	217
38	228
38	281
38	307
38	329
39	71
40	42
40	69
40	71
40	100
40	132
40	171
40	260
40	305
40	307
40	310
42	14
42	43
42	51
42	68
42	69
42	71
42	78
42	81
42	97
42	100
42	114
42	118
42	132
42	133
42	138
42	159
42	167
42	171
42	181
42	187
42	213
42	239
42	281
42	305
42	307
42	309
42	310
42	342
43	4
43	14
43	68
43	69
43	71
43	81
43	97
43	100
43	114
43	118
43	132
43	133
43	138
43	159
43	171
43	181
43	213
43	238
43	239
43	281
43	305
43	307
43	309
43	310
43	342
44	45
44	46
44	47
44	48
44	54
44	55
44	56
44	90
44	139
44	151
44	177
44	302
45	46
45	51
45	53
45	54
45	55
45	78
45	114
45	116
45	124
45	129
45	141
45	142
45	149
45	151
45	177
45	216
45	226
45	231
45	243
45	328
45	329
46	4
46	48
46	51
46	54
46	56
46	58
46	104
46	116
46	124
46	152
46	176
46	177
46	226
46	231
46	255
46	270
47	55
47	58
47	89
47	139
47	140
47	228
47	287
48	54
48	56
48	78
48	124
48	158
48	171
48	176
49	100
49	228
49	287
49	321
50	44
50	46
50	54
50	56
50	78
50	124
50	158
50	171
50	176
50	231
51	36
51	44
51	54
51	58
51	114
51	175
51	214
51	216
51	328
52	124
52	139
52	140
53	7
53	204
53	228
53	305
53	342
54	55
54	56
54	58
54	78
54	124
54	129
54	140
54	151
54	176
54	177
54	226
54	231
54	286
54	307
55	58
55	77
55	176
55	177
55	224
55	286
55	287
55	302
55	321
56	14
56	117
56	124
56	151
56	152
56	175
56	328
58	124
58	139
58	140
59	7
59	38
59	39
59	105
59	190
59	262
59	329
60	13
60	42
60	43
60	53
60	81
60	98
60	133
60	143
60	174
60	181
60	304
60	305
61	139
61	140
61	141
61	189
61	275
61	296
62	18
62	78
62	86
62	87
62	88
62	115
62	139
62	140
62	186
62	217
62	254
62	258
63	52
63	78
63	86
63	87
63	88
63	115
63	139
63	186
63	214
63	258
64	72
64	73
64	74
64	106
64	135
64	185
65	98
65	139
65	140
65	143
65	167
65	201
65	205
65	287
65	342
66	67
66	236
66	286
67	287
68	71
68	100
68	118
68	133
68	159
68	171
68	181
68	238
68	305
68	307
68	309
69	53
69	71
69	74
69	97
69	118
69	129
69	132
69	133
69	159
69	171
69	181
69	187
69	213
69	223
69	226
69	238
69	239
69	243
69	287
69	301
69	305
69	307
69	308
69	309
69	310
69	329
69	342
70	14
70	45
70	68
70	78
70	139
70	190
70	201
70	249
70	258
70	307
70	328
71	4
71	75
71	81
71	97
71	118
71	132
71	133
71	138
71	159
71	162
71	171
71	181
71	187
71	212
71	213
71	217
71	225
71	226
71	238
71	281
71	286
71	287
71	305
71	307
71	308
71	309
71	310
73	72
73	87
73	88
73	155
74	14
74	98
74	118
74	155
74	310
75	83
75	104
75	138
75	139
75	188
75	212
75	258
75	303
75	307
75	308
76	139
76	140
77	302
78	14
78	118
78	139
78	140
78	196
78	286
78	287
80	33
80	54
80	58
80	67
80	78
80	109
80	124
80	190
80	237
80	257
80	284
80	285
80	287
81	118
81	171
81	213
81	286
81	287
81	307
81	321
81	342
82	105
82	218
83	105
83	139
83	162
83	262
83	287
83	302
83	307
84	23
84	42
84	43
84	68
84	133
84	238
84	240
84	305
85	44
85	125
85	135
85	302
86	14
86	25
86	74
86	78
86	79
86	87
86	88
86	119
86	120
86	121
86	122
86	123
86	135
86	196
86	243
86	344
87	72
87	88
88	72
88	287
89	143
89	286
89	287
89	321
91	44
91	90
91	288
91	308
91	328
92	4
92	7
92	53
92	68
92	99
92	171
92	186
92	243
92	305
92	342
93	100
93	140
93	163
93	204
93	226
93	266
93	267
93	269
94	28
94	337
95	223
95	233
95	288
96	49
96	286
96	302
96	321
96	322
96	323
97	4
97	118
97	133
97	159
97	171
97	213
97	305
97	307
97	309
97	310
97	342
98	100
98	133
98	143
98	269
100	4
100	14
100	118
100	132
100	133
100	143
100	167
100	168
100	171
100	181
100	187
100	213
100	217
100	226
100	238
100	262
100	281
100	305
100	307
100	309
100	310
100	342
101	7
101	25
101	28
101	42
101	49
101	54
101	55
101	66
101	69
101	71
101	78
101	89
101	97
101	104
101	115
101	118
101	132
101	139
101	143
101	149
101	151
101	159
101	161
101	167
101	171
101	187
101	188
101	201
101	206
101	213
101	223
101	224
101	226
101	228
101	249
101	255
101	258
101	262
101	279
101	281
101	287
101	288
101	302
101	305
101	307
101	309
101	310
101	328
101	340
101	342
102	7
102	42
102	43
102	54
102	69
102	97
102	118
102	133
102	139
102	159
102	161
102	228
102	236
102	286
102	287
102	307
102	308
102	309
102	310
102	328
103	47
103	216
103	224
103	226
104	115
104	139
104	161
104	162
104	255
104	286
104	287
104	307
104	309
105	118
105	149
105	167
105	191
105	262
105	309
105	310
106	139
106	140
107	188
107	328
108	158
108	229
108	235
109	257
111	47
111	78
111	145
111	190
111	238
111	287
111	328
112	45
112	118
113	95
113	124
113	287
114	118
114	196
115	139
115	140
115	161
115	188
115	226
115	258
115	262
115	286
115	287
115	302
115	307
115	309
115	310
115	340
116	14
116	162
116	209
116	286
116	287
116	307
118	14
118	53
118	130
118	132
118	133
118	138
118	142
118	149
118	159
118	167
118	171
118	181
118	187
118	213
118	216
118	223
118	226
118	238
118	239
118	243
118	258
118	269
118	281
118	301
118	305
118	307
118	308
118	309
118	310
118	321
118	323
118	341
118	342
119	344
120	344
124	51
124	152
125	258
125	269
126	17
126	186
126	217
127	144
127	186
127	241
128	7
128	65
128	81
128	96
128	119
128	157
128	226
128	243
129	133
129	165
129	177
129	201
130	171
131	100
131	118
131	159
131	171
131	307
131	310
133	53
133	132
133	159
133	171
133	181
133	187
133	213
133	226
133	228
133	238
133	239
133	243
133	250
133	258
133	281
133	305
133	307
133	308
133	309
133	310
133	342
132	4
132	159
132	171
132	181
132	187
132	213
132	238
132	305
132	307
132	309
132	310
134	309
136	254
137	90
137	141
137	288
138	139
138	162
138	287
138	307
138	342
139	14
139	140
139	141
139	162
139	189
139	205
139	218
139	258
139	287
139	292
139	302
139	303
139	307
139	308
139	310
139	328
139	347
140	175
140	176
140	177
140	258
140	302
140	307
140	308
140	310
140	328
141	158
142	150
142	151
142	152
142	153
142	161
142	171
142	186
142	188
142	307
142	310
142	318
143	159
143	165
143	224
143	249
143	286
143	287
143	295
143	311
144	4
144	65
144	68
144	98
144	305
144	342
145	287
145	314
147	11
147	42
147	52
147	66
147	71
147	139
147	140
147	149
147	175
147	201
147	258
147	307
147	310
147	312
147	313
147	314
148	13
148	149
148	164
148	175
148	201
148	273
148	313
149	14
149	65
149	171
149	201
149	228
149	249
149	307
149	310
149	312
149	342
150	151
150	152
150	153
151	152
151	183
151	186
151	188
152	153
152	183
152	186
152	188
152	318
153	318
154	38
154	106
154	115
154	118
154	139
154	140
154	162
154	206
154	223
154	224
154	258
154	302
154	307
154	309
154	310
155	72
156	71
156	75
156	162
156	258
156	287
156	307
158	219
158	267
158	269
158	343
159	4
159	171
159	181
159	187
159	213
159	238
159	239
159	281
159	305
159	307
159	308
159	309
159	310
159	342
160	115
160	286
160	287
160	307
160	310
161	135
161	183
161	224
161	258
161	286
161	287
161	307
162	14
162	164
162	165
162	188
162	201
162	206
162	212
162	249
162	258
162	287
162	303
162	307
162	308
162	328
162	340
163	164
163	249
164	13
164	165
164	249
164	294
164	310
164	328
165	4
165	169
165	201
165	249
165	267
165	291
165	307
165	329
168	167
166	167
166	280
167	262
169	188
169	231
169	249
169	267
169	269
169	287
169	328
171	4
171	181
171	187
171	212
171	213
171	217
171	226
171	238
171	239
171	281
171	301
171	305
171	307
171	308
171	309
171	310
171	321
171	323
172	47
172	78
172	142
172	196
172	197
172	209
172	296
172	328
173	217
174	53
174	86
174	114
174	226
174	227
174	243
175	27
175	53
175	168
175	183
175	188
175	190
175	243
175	258
175	281
175	287
175	307
175	309
175	316
175	328
176	177
176	307
176	319
177	319
177	329
178	7
178	53
178	142
178	175
178	287
178	344
179	175
180	27
180	174
180	175
180	190
180	216
180	243
180	262
180	316
180	328
181	4
181	14
181	187
181	213
181	249
181	281
181	305
181	307
181	309
181	310
181	342
182	266
182	267
182	268
182	269
182	270
182	339
183	186
183	188
184	115
184	161
184	175
184	190
184	243
184	285
184	328
186	188
187	4
187	213
187	238
187	286
187	287
187	305
187	307
187	309
187	310
187	321
187	342
191	7
191	17
191	33
191	47
191	190
191	258
191	302
191	329
192	7
192	41
192	56
192	81
192	146
192	191
193	7
193	37
193	105
193	149
193	190
193	191
193	258
193	262
193	302
193	328
193	329
194	7
194	190
194	191
194	258
194	329
196	197
196	287
198	30
198	35
198	115
198	140
198	141
198	188
198	189
198	190
198	258
198	288
198	302
198	309
198	310
198	328
199	132
199	174
199	329
201	98
201	100
201	250
202	171
203	219
204	7
204	38
204	114
204	129
204	132
204	133
204	187
204	240
204	243
204	260
205	75
205	80
205	165
206	286
206	287
206	288
206	307
206	311
206	329
207	15
207	17
207	78
207	196
207	197
208	313
209	188
209	212
209	287
209	303
209	307
209	310
209	314
210	286
211	287
211	291
211	310
211	313
212	287
212	307
213	4
213	238
213	286
213	287
213	305
213	307
213	309
213	310
213	342
215	25
215	36
215	68
216	14
216	258
217	243
217	287
221	222
221	310
223	307
223	309
223	310
224	28
224	78
224	135
224	225
224	226
224	258
226	305
226	310
227	130
227	159
227	226
227	260
230	236
231	232
231	233
231	234
231	235
231	236
231	237
232	233
232	234
232	236
232	237
233	65
233	234
233	235
233	236
233	237
235	66
235	234
235	236
235	237
236	234
236	237
236	258
236	314
236	329
237	234
234	11
234	230
238	4
238	281
238	305
238	307
238	308
238	309
238	310
239	14
239	225
239	305
239	307
239	310
239	312
239	342
242	7
242	18
242	40
242	78
242	99
242	175
241	99
243	287
244	118
244	133
244	146
244	199
244	226
244	227
244	267
244	271
244	278
244	281
244	305
245	190
245	258
245	302
245	328
246	37
246	83
246	105
246	132
246	190
246	262
246	328
246	329
248	4
248	53
248	71
248	118
248	159
248	171
248	185
248	243
248	247
248	249
248	260
249	139
249	250
249	258
249	313
251	48
251	57
251	221
251	222
252	57
252	221
253	111
255	258
255	302
256	75
256	76
256	110
256	139
256	140
256	142
256	172
256	190
256	196
256	197
256	296
256	303
257	9
257	350
258	228
258	287
258	302
258	305
258	307
258	309
258	310
258	328
259	39
259	105
259	111
259	292
260	225
260	286
260	287
260	321
261	7
261	53
261	238
261	243
261	260
261	305
262	191
262	307
262	329
263	54
263	135
263	190
263	226
263	227
263	347
264	335
265	219
265	220
265	221
265	222
267	269
268	269
272	104
274	42
274	49
274	68
274	71
274	118
274	132
274	133
274	171
274	213
274	229
274	305
274	309
276	54
276	305
276	337
277	15
277	33
277	78
277	80
277	109
277	135
277	257
277	284
277	285
277	336
279	14
279	228
281	305
282	7
282	100
282	118
282	133
282	146
282	159
282	181
282	213
282	238
282	240
282	307
282	309
283	7
283	27
283	223
283	258
284	33
284	44
284	54
284	58
284	78
284	109
284	190
284	231
284	257
284	285
286	67
286	201
286	249
286	287
286	302
286	312
286	321
286	323
286	328
286	340
286	341
287	188
287	201
287	228
287	249
287	302
287	303
287	307
287	308
287	309
287	312
287	321
287	323
287	328
287	335
287	340
289	47
289	58
289	139
289	186
289	189
289	288
289	290
289	291
289	292
289	328
289	341
290	116
290	139
290	140
290	141
290	189
290	206
290	288
290	340
291	288
291	290
293	75
293	189
296	57
296	186
296	196
296	197
296	255
296	287
296	340
297	98
297	143
297	243
297	298
297	300
299	4
299	7
299	57
299	71
299	118
299	159
299	171
299	262
299	305
300	159
301	310
302	303
302	308
302	309
302	314
303	307
304	170
305	14
305	307
305	308
305	309
305	310
305	342
306	65
306	67
306	133
307	4
307	188
307	205
307	243
307	249
307	308
307	309
307	310
307	328
307	340
308	4
308	309
308	310
309	47
309	186
309	210
309	243
310	4
310	201
310	243
310	309
310	321
310	340
312	321
313	288
313	314
313	350
315	87
315	190
315	329
316	145
316	189
316	190
316	195
316	262
316	323
316	329
317	316
317	329
317	340
320	51
321	249
321	322
321	323
324	106
324	141
325	78
326	37
326	38
326	105
326	159
326	190
326	199
326	258
326	262
326	307
326	329
327	72
327	190
327	262
327	307
327	329
328	67
328	201
328	249
329	201
329	342
330	15
330	17
330	78
330	186
330	189
330	257
330	262
330	329
330	334
331	38
331	127
332	33
332	42
332	80
332	257
332	312
332	313
332	337
333	208
333	223
333	249
337	139
337	177
337	254
337	275
337	328
337	334
337	335
337	336
338	47
338	313
338	314
339	267
340	309
341	225
342	4
342	14
342	68
342	243
342	281
342	297
342	309
344	123
346	4
346	43
346	71
346	79
346	118
346	171
346	175
346	243
346	305
347	205
348	262
348	309
348	336
349	258
349	262
