From	To
2	13
2	77
2	295
2	567
1	13
1	47
1	123
1	129
1	275
1	404
1	445
4	186
4	286
4	331
4	332
4	457
4	466
4	548
4	556
4	594
5	28
5	72
5	74
5	92
5	118
5	119
5	129
5	187
5	198
5	219
5	323
5	494
5	539
5	588
5	625
add1	5
add1	13
add1	122
add1	125
add1	236
add1	261
add1	286
add1	404
add1	548
11	40
11	234
11	266
11	286
11	310
11	350
11	507
12	66
12	77
12	323
13	74
13	198
13	404
13	408
13	544
13	546
15	128
15	223
15	330
15	398
15	482
17	18
17	19
17	75
17	83
17	94
17	204
17	416
17	418
17	419
17	420
17	422
17	607
18	19
18	75
18	83
18	94
18	204
18	416
18	418
18	419
18	420
18	422
18	607
19	505
19	507
19	570
22	457
22	468
22	606
26	28
26	129
26	343
26	344
27	26
27	28
27	129
27	343
27	344
28	119
28	198
29	227
29	228
29	451
33	182
33	329
33	330
33	371
33	445
33	606
33	607
33	608
34	118
34	119
34	122
34	187
34	198
34	212
34	329
34	359
34	427
34	430
34	431
34	445
34	463
34	507
34	539
34	574
35	182
35	238
35	329
35	445
36	238
36	404
36	405
37	389
38	40
38	70
38	212
38	404
38	405
40	147
40	198
40	234
41	74
41	75
41	83
41	330
48	223
48	323
48	482
48	511
48	512
48	513
48	514
48	515
49	241
53	79
53	366
54	129
54	187
54	229
58	26
58	BTRC
58	129
58	131
58	178
58	GSK3B
58	455
58	503
58	504
58	608
62	507
62	544
62	546
65	97
65	174
65	198
65	227
65	228
65	332
65	466
66	67
66	72
66	73
66	82
66	118
66	122
66	129
66	163
66	186
66	198
66	343
66	344
66	380
66	389
66	408
66	494
66	542
66	594
67	122
70	72
70	119
70	122
70	166
70	217
70	286
70	463
70	539
70	542
70	546
72	25
72	73
72	88
72	118
72	119
72	122
72	129
72	133
72	162
72	166
72	186
72	198
72	217
72	219
72	226
72	261
72	275
72	286
72	310
72	328
72	380
72	430
72	494
72	539
72	542
72	544
72	546
72	619
73	5
73	25
73	118
73	119
73	122
73	133
73	162
73	166
73	186
73	198
73	217
73	219
73	226
73	261
73	286
73	310
73	380
73	427
73	430
73	494
73	539
73	542
73	544
73	546
73	619
74	75
74	76
74	77
74	79
74	94
74	95
74	97
74	149
74	227
74	244
74	299
74	535
75	76
75	88
75	92
75	94
75	95
75	129
75	186
75	191
75	204
75	212
75	229
75	231
75	241
75	244
75	299
75	383
75	404
75	418
75	435
75	588
75	594
76	5
76	79
76	88
76	94
76	97
76	99
76	173
76	191
76	204
76	245
76	298
76	299
76	404
76	418
76	453
76	476
77	95
77	99
77	148
77	227
77	228
77	408
77	507
79	94
79	97
79	129
79	204
79	257
79	286
79	298
82	166
82	408
82	507
82	570
83	74
83	76
83	94
83	97
83	129
83	204
83	257
83	286
83	298
83	418
88	62
88	74
88	94
88	99
88	186
88	295
88	381
88	383
88	588
91	204
91	227
91	228
92	13
92	359
92	408
92	539
92	619
94	95
94	97
94	99
94	129
94	204
94	212
94	228
94	244
94	298
94	299
94	404
94	418
94	505
94	542
95	99
95	128
95	298
95	299
95	401
95	505
95	507
95	535
95	570
97	25
97	194
97	204
97	244
97	245
97	295
97	588
99	204
99	227
99	228
104	13
104	66
104	67
104	174
104	331
104	466
104	594
106	24
106	72
106	73
106	92
106	133
106	163
106	219
106	234
106	294
106	310
106	538
106	539
107	227
107	228
107	229
107	330
107	485
107	523
108	29
108	129
108	145
108	146
108	147
108	187
108	227
108	228
108	323
108	389
108	451
108	457
109	91
109	129
109	145
109	146
109	147
109	187
109	227
109	323
109	381
109	457
110	123
110	124
110	125
110	175
110	GSK3B
110	320
112	163
112	227
112	228
112	234
112	275
112	352
112	362
112	507
112	619
114	115
114	424
114	505
115	507
118	122
118	166
118	198
118	219
118	261
118	286
118	310
118	427
118	539
118	542
118	544
119	92
119	122
119	125
119	162
119	198
119	212
119	217
119	219
119	261
119	286
119	310
119	328
119	380
119	398
119	404
119	427
119	430
119	435
119	507
119	530
119	539
119	542
119	543
119	544
119	546
119	594
119	619
120	25
120	75
120	118
120	129
120	227
120	331
120	352
120	445
120	457
120	542
120	588
122	5
122	126
122	133
122	162
122	198
122	217
122	219
122	226
122	261
122	270
122	286
122	310
122	328
122	377
122	380
122	389
122	402
122	404
122	427
122	494
122	505
122	507
122	539
122	542
122	543
122	544
122	546
124	123
124	146
124	147
124	250
125	25
125	163
125	198
125	250
125	546
126	135
126	173
126	226
126	227
126	329
126	377
126	457
126	536
126	542
126	543
127	227
127	228
128	535
129	25
129	198
129	227
129	228
129	343
129	505
129	507
131	BTRC
131	94
131	99
131	115
131	129
131	178
131	204
131	331
131	425
131	455
131	503
131	504
131	507
133	198
133	286
133	380
133	505
133	507
133	542
133	570
133	619
134	174
134	391
135	174
135	227
135	270
135	466
135	507
135	535
135	542
137	37
137	72
137	73
137	118
137	219
137	427
137	431
137	539
138	74
138	205
138	GSK3B
138	535
145	25
145	40
145	125
145	129
145	130
145	146
145	147
145	199
145	200
145	201
145	FZD6
145	202
145	GSK3B
145	343
145	435
145	624
146	123
146	147
147	123
147	507
148	234
148	505
148	507
148	570
150	74
150	149
150	511
150	543
150	588
151	5
151	13
151	92
151	118
151	165
151	286
151	323
151	435
151	539
151	619
152	166
152	228
152	271
152	359
152	404
152	472
152	473
152	475
153	47
153	609
156	398
156	420
156	511
161	82
161	505
161	535
161	570
161	572
161	574
162	5
162	198
162	219
162	261
162	286
162	380
162	539
162	542
162	544
162	546
162	619
163	166
163	219
163	234
163	475
166	5
166	25
166	198
166	217
166	219
166	234
166	275
166	277
166	286
166	310
166	328
166	380
166	389
166	404
166	427
166	466
166	494
166	539
166	542
166	544
166	546
166	619
167	13
167	40
167	47
167	72
167	82
167	94
167	95
167	114
167	119
167	122
167	129
167	148
167	162
167	173
167	187
167	198
167	217
167	227
167	234
167	241
167	244
167	261
167	266
167	275
167	286
167	328
167	329
167	352
167	366
167	380
167	398
167	401
167	404
167	408
167	445
167	453
167	457
167	466
167	490
167	494
167	507
167	511
167	535
167	539
167	542
167	544
167	546
167	588
167	617
167	619
168	13
168	72
168	73
168	94
168	119
168	162
168	198
168	219
168	227
168	261
168	266
168	408
168	424
168	505
168	507
168	542
168	543
168	544
168	546
168	588
170	77
170	383
170	401
170	404
173	187
173	227
173	266
173	270
173	453
173	505
173	507
173	542
173	544
174	198
174	241
174	275
174	332
174	466
174	544
174	546
175	227
175	228
176	329
176	588
177	257
177	412
177	423
178	455
182	77
182	129
182	236
182	331
182	427
182	507
182	588
183	75
183	198
184	156
184	204
184	507
186	198
186	343
187	227
187	228
187	266
187	329
187	404
187	457
187	466
187	505
187	507
187	535
187	542
187	544
187	546
187	617
191	25
191	270
191	371
191	505
191	507
191	542
198	25
198	92
198	213
198	217
198	219
198	226
198	231
198	241
198	261
198	275
198	286
198	310
198	328
198	380
198	383
198	398
198	404
198	427
198	430
198	435
198	457
198	475
198	494
198	530
198	539
198	542
198	543
198	544
198	546
198	570
198	574
198	618
198	619
199	624
200	624
204	88
204	245
205	457
205	475
209	28
209	323
209	389
210	235
210	323
210	433
211	13
211	112
211	133
211	161
211	199
211	255
211	404
211	435
212	219
212	273
212	299
212	352
213	286
215	166
215	198
215	261
215	286
215	542
215	546
219	92
219	217
219	261
219	286
219	310
219	328
219	380
219	404
219	408
219	427
219	430
219	435
219	446
219	457
219	494
219	539
219	542
219	543
219	544
219	546
219	619
217	5
217	261
217	286
217	310
217	328
217	380
217	427
217	539
217	542
217	544
217	546
221	544
223	451
224	149
224	229
224	511
226	227
226	270
226	507
226	542
226	619
227	25
227	228
227	229
227	270
227	330
227	362
227	391
227	457
227	507
227	515
227	535
227	536
227	542
227	543
227	546
227	588
227	627
228	295
228	298
228	299
228	457
228	535
228	542
228	543
228	546
228	588
229	257
231	243
231	244
231	245
231	246
231	266
231	286
231	323
231	329
231	542
231	546
231	562
234	261
234	273
234	401
234	445
234	505
234	507
234	522
234	548
235	5
235	112
235	118
235	163
235	539
235	619
236	507
236	552
239	19
239	72
239	91
239	114
239	122
239	227
239	228
239	241
239	295
239	352
239	457
239	542
239	546
239	550
239	551
239	552
240	24
240	241
240	272
240	295
240	352
240	482
240	551
241	25
241	112
241	286
241	352
241	408
241	445
241	542
241	546
241	550
241	619
243	244
243	245
243	246
244	245
244	313
244	323
244	329
245	246
245	313
245	323
245	329
245	562
246	562
249	66
249	175
249	187
249	198
249	227
249	228
249	270
249	366
249	398
249	401
249	457
249	535
249	542
249	544
249	546
250	123
252	122
252	126
252	270
252	457
252	507
252	542
257	394
257	473
257	475
257	620
261	5
261	286
261	310
261	328
261	380
261	427
261	430
261	494
261	539
261	542
261	543
261	544
261	546
261	619
263	187
263	505
263	507
263	542
263	546
266	GSK3B
266	313
266	401
266	457
266	505
266	507
266	542
270	25
270	272
270	273
270	329
270	352
270	366
270	377
270	445
270	457
270	507
270	536
270	542
270	543
270	588
270	617
271	272
271	445
272	24
272	273
272	445
272	521
272	546
272	588
273	5
273	279
273	352
273	445
273	473
273	514
273	542
273	594
277	275
274	275
274	SFN
275	466
279	329
279	418
279	445
279	473
279	475
279	507
279	588
286	5
286	310
286	328
286	377
286	380
286	389
286	404
286	427
286	430
286	494
286	530
286	539
286	542
286	543
286	544
286	546
286	570
286	574
289	77
289	129
289	231
289	343
289	344
289	371
289	523
289	588
292	389
294	92
294	145
294	186
294	404
294	405
294	435
295	43
295	92
295	277
295	313
295	329
295	331
295	435
295	457
295	494
295	507
295	542
295	544
295	556
295	588
298	299
298	542
298	567
299	567
299	594
303	13
303	92
303	231
303	295
303	507
303	624
304	295
305	43
305	294
305	295
305	331
305	383
305	435
305	466
305	556
305	588
310	5
310	25
310	328
310	380
310	445
310	494
310	539
310	542
310	544
310	546
310	619
312	472
312	473
312	474
312	475
312	476
312	612
313	323
313	329
315	187
315	266
315	295
315	331
315	435
315	504
315	588
323	329
328	5
328	380
328	427
328	505
328	507
328	539
328	542
328	544
328	546
328	570
328	619
332	13
332	28
332	BTRC
332	77
332	331
332	457
332	535
332	594
336	13
336	71
336	97
336	133
336	238
336	332
337	13
337	65
337	174
337	241
337	331
337	332
337	457
337	466
337	535
337	588
337	594
339	13
339	331
339	332
339	457
339	594
343	344
343	507
347	49
347	59
347	187
347	228
347	229
347	329
347	330
347	331
347	457
347	511
347	535
347	544
347	546
347	588
349	217
349	294
349	594
352	163
352	166
352	446
356	286
358	394
359	13
359	66
359	186
359	212
359	217
359	219
359	328
359	431
359	435
359	463
362	126
362	131
362	273
366	505
366	507
366	511
366	542
366	548
366	594
369	26
369	28
369	129
369	343
369	344
370	551
371	329
371	377
371	507
371	536
371	542
371	546
371	552
372	505
373	507
373	514
373	546
373	551
377	507
377	542
380	5
380	427
380	505
380	507
380	539
380	542
380	544
380	546
380	619
382	40
382	62
382	118
383	25
383	457
389	435
389	507
396	397
396	546
398	542
398	544
398	546
401	47
401	129
401	GSK3B
401	402
401	404
401	457
404	539
404	546
405	213
405	261
405	404
405	463
416	424
418	419
418	420
418	422
418	423
418	424
418	425
419	420
419	422
419	424
419	425
420	112
420	422
420	423
420	424
420	425
423	114
423	422
423	424
423	425
424	422
424	425
424	457
424	552
424	594
425	422
422	19
422	416
427	5
427	494
427	539
427	542
427	543
427	544
427	546
430	25
430	402
430	539
430	542
430	546
430	550
430	619
434	13
434	29
434	70
434	129
434	165
434	295
433	165
435	507
437	198
437	219
437	238
437	349
437	404
437	405
437	473
437	477
437	488
437	494
437	539
440	331
440	457
440	535
440	588
441	65
441	135
441	174
441	217
441	331
441	466
441	588
441	594
443	5
443	92
443	122
443	198
443	261
443	286
443	320
443	435
443	442
443	445
443	463
445	227
445	446
445	457
445	551
448	79
448	98
448	396
448	397
449	98
449	396
450	182
453	457
453	535
454	126
454	127
454	181
454	227
454	228
454	231
454	289
454	331
454	343
454	344
454	523
454	536
455	17
455	631
457	408
457	507
457	535
457	539
457	542
457	544
457	546
457	588
461	67
461	174
461	182
461	515
463	402
463	505
463	507
463	570
465	13
465	92
465	427
465	435
465	463
465	539
466	332
466	542
466	594
467	94
467	GSK3B
467	331
467	404
467	405
467	627
468	607
471	394
471	395
471	396
471	397
473	475
474	475
479	173
484	72
484	82
484	118
484	122
484	198
484	217
484	219
484	286
484	380
484	412
484	539
484	544
486	94
486	539
486	609
487	26
487	BTRC
487	129
487	131
487	178
487	GSK3B
487	455
487	503
487	504
487	608
490	25
490	408
494	539
498	13
498	166
498	198
498	219
498	238
498	261
498	310
498	380
498	427
498	431
498	542
498	544
500	13
500	43
500	398
500	457
503	BTRC
503	74
503	94
503	99
503	129
503	178
503	331
503	418
503	455
503	504
505	115
505	352
505	445
505	507
505	535
505	550
505	570
505	574
505	588
505	617
505	618
507	329
507	352
507	408
507	445
507	535
507	536
507	542
507	543
507	544
507	550
507	570
507	574
507	588
507	607
507	617
512	77
512	99
512	227
512	323
512	330
512	511
512	513
512	514
512	515
512	588
512	618
513	191
513	227
513	228
513	229
513	330
513	366
513	511
513	617
514	511
514	513
517	126
517	330
523	98
523	323
523	343
523	344
523	453
523	507
523	617
524	163
524	234
524	435
524	525
524	527
526	5
526	13
526	98
526	122
526	198
526	261
526	286
526	466
526	539
527	261
530	546
535	536
535	543
535	544
535	552
536	542
538	284
539	25
539	542
539	543
539	544
539	546
539	619
540	112
540	115
540	219
542	5
542	329
542	362
542	435
542	445
542	543
542	544
542	546
542	588
542	617
543	5
543	544
543	546
544	77
544	323
544	372
544	435
546	5
546	352
546	435
546	544
546	570
546	617
550	570
551	511
551	552
551	631
554	146
554	331
554	594
556	236
556	330
556	331
556	341
556	466
556	574
556	594
558	556
558	594
558	617
568	88
570	445
570	572
570	574
578	175
578	229
579	129
584	65
584	66
584	174
584	261
584	331
584	349
584	457
584	466
584	542
584	594
585	123
585	331
585	466
585	542
585	594
588	115
588	352
588	445
594	352
594	619
601	26
601	28
601	129
601	323
601	330
601	455
601	466
601	594
601	606
603	66
603	210
604	BTRC
604	72
604	131
604	455
604	550
604	551
604	609
605	370
605	398
605	445
609	227
609	299
609	451
609	485
609	588
609	606
609	607
609	608
611	77
611	551
611	552
612	473
617	544
618	402
619	5
619	25
619	118
619	435
619	494
619	524
619	544
624	202
626	5
626	73
626	122
626	130
626	198
626	286
626	295
626	435
626	539
627	362
629	466
629	544
629	608
630	457
630	466
